Top 10 - Sender Traffic
+-------+-----------------+--------+
|  Port |      %Bytes     | Times  |
+-------+-----------------+--------+
|   80  |  5.37199386075  | 175177 |
| 33001 |  0.900169105743 |   89   |
|  1935 |  0.447984129729 |  4285  |
|   22  |  0.265090550075 |  5408  |
|  443  |  0.21097893682  | 19605  |
| 55000 |  0.19849393829  |  1152  |
|  388  |  0.163669164893 |  553   |
| 16402 |  0.09317711313  |  523   |
|   20  | 0.0821299223072 |  246   |
|   0   | 0.0776913290336 |  9176  |
+-------+-----------------+--------+


Top 10 - Receiver Traffic
+-------+----------------+--------+
|  Port |     %Bytes     | Times  |
+-------+----------------+--------+
| 33002 | 0.754886964861 |   18   |
|   80  | 0.549065423441 | 319929 |
| 49385 | 0.392312056925 |   26   |
| 62269 | 0.230579588405 |   16   |
|  443  | 0.145206540625 | 34727  |
| 43132 | 0.143122022284 |   14   |
| 16402 | 0.139330524398 |  475   |
|   22  | 0.121608333296 |  1273  |
|  5500 | 0.121496230818 |   48   |
|   0   | 0.114577920809 |  2965  |
+-------+----------------+--------+